56,48,0.8,
00000000000000000111101111111111111111111111111111111111
00011111110000000000001111000000000000111111111111111111
00000000011111110000000000000000000000000000000000000111
00000000011111110000000000000000000000000000000000000000
00011100011111110000000000000000000000000000000000000000
00011100011111110000000111000000000001110000000000000000
00000000011111110000000111000000000001110000000000000000
00000000011111110000000000000000000000000000000000000000
00000000011111110000000000000000000000000000000000000000
00000000011111110000000000000000000000000000000000000000
00011100011111110000000000000000000000000000000000000000
00011100011111110000000111000000000001110000000000000000
00000000011111110000000111000000000001110000000000000000
00000000011111111111111111000000000000000000000000000000
00000000011111111111111111000000000000000000000000000000
00000000011111111111111111111100000000000000000000000000
00011100011111111111111111111111111111110000000000000000
00011100011111111111111111111111111111110000000000000000
00000000011111111111111111111111111111110000000000000000
00000000011111111111111111111111111111110000000000000000
00000000011111111111111111111111111111110000000000000000
00011100011111111111111111111111111111110000000000000000
00000000011111111111111111111111111111110000000000000000
00000000000000000000000000000000000000000000000000000000
00000000000000000000000000000000000000000000000000000000
00011100000000000000000000000000000000000000000000000000
00011100011111111111111111111111111111100000000000000000
00000000011111111111111111111111111111100000000000000000
00000000011111111111111111111111111111100000000000000000
00000000011111111111111111111111111111100000000000000000
00011100011111111111111111111111111111100000000000000000
00011100011111111111111111111111111111100000000000000000
00000000011111111111111111111111111111100000000000000000
00000000011111111111111111111111111111100000000000000000
00000000011111111111111111111111100000000000000000000000
00011100011111111111111111111111100000000000000000000000
00011100011111111111111111000000000001100000000000000000
00011100011111110000000111000000000001100000000000000000
00000000011111110000000000000000000001100000000000000000
00000000011111110000000000000000000000000000000000000000
00000000011111110000000000000000000000000000000000000000
00000000011111110000000000000000000000000000000000000000
00011000011111110000000110000000000011100000000000000000
00000000011111110000000110000000000011100000000000000000
00000000011111110000000000000000000011100000000000000000
00011111111111110000000000000000000000000000000000000000
00000000000000000000000000000000000000000000000000000000
00000000000000000000000100000000100000000000000000000000

