40,40,
0000000000000000000000000000000000000000
0000000000000000000000000000000000000000
0000000000000000000000000000000000000000
0000000001111111111111111000000000000000
0000000000000000000000000000000000000000
0000000000000000000000000000000000000000
0000000000000000000000000100000000000000
0000000000000000000000000100000000000000
0011111100000000000000000100000000000000
0000000000000000000000000100000000000000
0000000000000000000000000100000000000000
0000000000000000000000000100000000000000
0000000000000000000000000000000000000000
0000000000000000000000000000000000000000
0000000000000000000000000000000000000000
0000000000000000000000000000000000000000
0000000000000000001000000000000000000000
0000000011100000001000000000000000000000
0000000000000000001000000000000000000000
0000000000000000001000000000000000000000
0000100000000000001000000000000000000000
0000100000000000000000000000000000000000
0000100000000000000000000000000000000000
0000100000000000000000000000000000000000
0000100000000000000000000000000000000000
0000000000000000000000000000000000000000
0000000000000000000000011111111000000000
0000000000000000000000000000000000000000
0000000000000000000000000000000000000000
0000000000020000000000000000000000000000
0000000000000000000000000000000000000000
0000000000000000000000000000000000000000
0000000000000000000000000000000000000000
0000000000000001111110000000000000000000
0000000000000000000000000000000000000000
0000000000000000000000000000000000000000
0001000000000000000000000000000000000000
0001000000000000000000000011110000000000
0001000000000000000000000000000000000000
0000000000000000000000000000000000000000
