30,20,
000000000000000000000000000000
000000000000000000000000000000
000000000000000000000000000000
000000010000000000000000000000
000000010000000000000000000000
000000010000000000000000000000
000000010000000000000000000000
000000010000000000000000000000
000000010000000000000000000000
000000010000000000000000000000
000000010000000000000000000000
000000010000000000000000000000
000000000000000000000000000000
000000000000000000000000000000
000000000000000000000000000000
000000000200000000000000000000
000000000000000000000000000000
000000000000000000000000000000
000000000000000000000000000000
000000000000000000000000000000
