100,100,
0000000000000000000000000000000000000000000000000000000000000000000000000000000000000000000000000000
0000000000000000000000000000000000000000000000000000000000000000000000000000000000000000000000000000
0000000000000000000000000000000000000000000000000000000000000000000000000000000000000000000000000000
0000000000000000000000000000000000000000000000000000000000000000000000000000000000000000000000000000
0000000000000000000000000000000000000000000000000000000000000000000000000000000000000000000000000000
0000000000000000000000000000000000000000000000000000000000000000000000000000000000000000000000000000
0000000000000000000000000000000000000000000000000000000000000000000000000000000000000000000000000000
0000000000000000000000000000000000000000000000000000000000000000000000000000000000000000000000000000
0000000000000000000000000000000000000000000000000000000000000000000000000000000000000000000000000000
0000000000000000000000000000000000000000000000000000000000000000000000000000000000000000000000000000
0000000000000000000000000000000000000000000000000000000000000000000000000000000000000000000000000000
0000000000000000111111111111111111111111111111111111111111111111111111111111111000000000000000000000
0000000000000000000000000000000000000000000000000000000000000000000000000000000000000000000000000000
0000000000000000000000000000000000000000000000000000000000000000000000000000000000000000000000000000
0000000000000000000000000000000000000000000000000000000000000000000000000000000000000000000000000000
0000000000000000000000000000000000000000000000000000000000000000000000000000000000000000000000000000
0000000000000000000000000000000000000000000000000000000000000000000000000000000000000000000000000000
0000000000000000000000000000000000000000000000000000000000000000000000000000000000000000000000000000
0000000000000000000000000000000000000000000000000000000000000000000000000000000000000000000000000000
0000000000000000000000000000000000000000000000000000000000000000000000000000000000000000000000000000
0000000000000000000000000000000000000000000000000000000000000000000000000000000000000000000000000000
0000000000000000000000000000000000000000000000000000000000000000000000000000000000000000000000000000
0000000000000000000000000000000000000000000000000000000000000000000000000000000000000000000000000000
0000000000000000000000000000000000000000000000000000000000000000100000000000000000000000000000000000
0000000000000000000000000000000000000000000000000000000000000000100000000000000000000000000000000000
0000000000000000000000000000000000000000000000000000000000000000100000000000000000000000000000000000
0000000000000000000000000000000000000000000000000000000000000000100000000000000000000000000000000000
0000000011111110000000000000000000000000000000000000000000000000100000000000000000000000000000000000
0000000000000011000000000000000000000000000000000000000000000000100000000000000010000000000000000000
0000000000000001100000000000000000000000000000000000000000000000100000000000000010000000000000000000
0000000000000000100000000000000000000000000000000000000000000000100000000000000010000000000000000000
0000000000000000100000000000000000000000000000000000000000000000100000000000000010000000000000000000
0000000000000000100000000000000000001000000000000000000000000000100000000000000010000000000000000000
0000000000000000100000000000000000001000000000000000000000000000100000000000000010000000000000000000
0000000000000000100000000000000000001000000000000000000000000000100000000000000010000000000000000000
0000000000000001100000000000000000001000000000000000000000000000100000000000000010000000000000000000
0000000000000011000000000000000000001000000001111000000000000000000000000000000010000000000000000000
0000000000000010000000000000000000001001111111000000000000000000100000000000000010000000000000000000
0000000000001100000000000000000000001000000000000001000000000000100000000000000010000000000000000000
0000000000011000000000000000000000001000000000000001000000000000100000000000000010000000000000000000
0000000001110000000000000000000000001001000000000001000000000000100000000000000010000000000000000000
0000000001000000000000000000000000001001100000000001000000000000010000000000000010000000000000000000
0000000011000000000000000000000000001000100000000001000000000000010000000000000010000000000000000000
0000000010000000000000000000000000001000100000000001000000000000010000000000000010000000000000000000
0000000010000000000000000000000000001000000000000001000000000000010000000000000010000000000000000000
0000000010000000000000000000000000001000000000000001000000000000010000000000000010000000000000000000
0000000010000000000000000000000000001000000000200001000000000000010000000000000010000000000000000000
0000000010000000000000000000000000001000000000000001000000000000010000000000000010000000000000000000
0000000011000000000000000000000000001000000000000001000000000000100000000000000010000000000000000000
0000000001000000000000000000000000001000000000000001000000000000100000000000000110000000000000000000
0000000001100000000000000000000000001000000000000001000000000000100000000000000100000000000000000000
0000000000110000000000000000000000001000000000000001000000000000100000000000000100000000000000000000
0000000000011100000000000000000000001000000000011000000000000000100000000000000100000000000000000000
0000000000000100000000000000000000001011111111101111000000000000100000000000000100000000000000000000
0000000000000110000000000000000000000000000000000000000000000000100000000000000100000000000000000000
0000000000000010000000000000000000000000000000000000000000000000100000000000000100000000000000000000
0000000000000011000000000000000000000000000000000000000000000001100000000000000100000000000000000000
0000000000000001000000000000000000000000000000000000000000000001000000000000000100000000000000000000
0000000000000001000000000000000000000000000000000000000000000001000000000000000100000000000000000000
0000000000000001000000000000000000000000000000000000000000000001000000000000000100000000000000000000
0000000000000011000000000000000000000000000000000000000000000001000000000000000100000000000000000000
0000000000000010000000000000000000000000000000000000000000000001000000000000000100000000000000000000
0000000000000010000000000000000000000000000000000000000000000010000000000000000100000000000000000000
0000000000000100000000000000000000000000000000000000000000000010000000000000000100000000000000000000
0000000000001100000000000000000000000000000000000000000000000010000000000000000100000000000000000000
0000000000001000000000000000000000000000000000000000000000000000000000000000000100000000000000000000
0000000000011000000000000000000000000000000000000000000000000000000000000000000100000000000000000000
0000000000110000000000000000000000000000000000000000000000000000000000000000000100000000000000000000
0000000001100000000000000000000000000000000000000000000000000000000000000000000100000000000000000000
0000000010000000000000000000000000000000000000000000000000000000000000000000000000000000000000000000
0000000110000000000000000000000000000000000000000000000000000000000000000000000000000000000000000000
0000000000000000000000000000000000000000000000000000000000000000000000000000000000000000001000000000
0000000000000000000000000000000000000000000000000000000000000000000000000000000000000000011000000000
0000000000000011000000000000000000000000000000000000000000000000000000000000000000000000110000000000
0000000000000010000000000000000000000000000000000000000000000000000000000000000000000001100000000000
0000000000000010000000000000000000000000000000000000000000000000000000000000000000000001000000000000
0000000000000010000000000000000000000000000000000000000000000000000000000000000000000010000000000000
0000000000000010000000000000000000000000000000000000000000000000000000000000000000001100000000000000
0000000000000011000000000000000000000000000000000000000000000000000000000000000000011000000000000000
0000000000000001111100000000000000000000000000000000000000000000000000000000000000110000000000000000
0000000000000000000110000000000111100000000000000000000001111000000110111110000001100000000000000000
0000000000000000000011111111111100111111111111111111111111000001001111100000000011000000000000000000
0000000000000000000000000000000000000000000000000000000000000011011000000000000110000000000000000000
0000000000000000000000000000000000000000000000000000000000000010110000000000000100000000000000000000
0000000000000000000000000000000000000000000000000000000000000011100000000000001100000000000000000000
0000000000000000000000000000000000000000000000000000000000000000000000000000011000000000000000000000
0000000000000000000000000000000000000000000000000000000000000000000000000000010000000000000000000000
0000000000000000000000000000000000000000000000000000000000000000000000000000110000000000000000000000
0000000000000000000000000000000000000000000000000000000000000000000000000001000000000000000000000000
0000000000000000000000000000000000000000000000000000000000000000000000000010000000000000000000000000
0000000000000000000000000000000000000000000000000000000000000000000000000110000000000000000000000000
0000000000000000000000000000000000000000000000000000000000000000000000000110000000000000000000000000
0000000000000000000000000000000000000000000000000000000000000000000000000000000000000000000000000000
0000000000000000000000000000000000000000000000000000000000000000000000000000000000000000000000000000
0000000000000000000000000000000000000000000000000000000000000000000000000000000000000000000000000000
0000000000000000000000000000000000000000000000000000000000000000000000000000000000000000000000000000
0000000000000000000000000000000000000000000000000000000000000000000000000000000000000000000000000000
0000000000000000000000000000000000000000000000000000000000000000000000000000000000000000000000000000
0000000000000000000000000000000000000000000000000000000000000000000000000000000000000000000000000000
0000000000000000000000000000000000000000000000000000000000000000000000000000000000000000000000000000

